%YAML:1.0
description: "0"
samples:
   - !!opencv-matrix
      rows: 198
      cols: 1
      dt: d
      data: [ -2.0385757397304506e+01, -1.9652055737092009e+01,
          -1.8563010466882009e+01, -1.7114374790841232e+01,
          -1.5033475143901924e+01, -1.1895128246810144e+01,
          -7.9014769194642973e+00, -3.3539289142888364e+00,
          1.6609711055401344e+00, 6.5928725392781766e+00,
          1.0732006026536537e+01, 1.4123847752873750e+01,
          1.6557412060135604e+01, 1.7977678663000031e+01,
          1.8737633465806887e+01, 1.9076455986563214e+01,
          1.9008891869071761e+01, -1.7053622042837688e+01,
          -1.4945739746454825e+01, -1.1951706155280839e+01,
          -8.6422000193265447e+00, -5.3841022597964585e+00,
          2.7964641059937212e+00, 5.7631120150598356e+00,
          8.9108193221055600e+00, 1.1933112712730734e+01,
          1.4315042915203266e+01, -5.8029551014586189e-01,
          -3.7521242079284833e-01, -1.7378914214472604e-01,
          2.6590654266880717e-02, -2.8448909504696580e+00,
          -1.2850741298354404e+00, 3.2684376484996946e-01,
          1.8789972389967307e+00, 3.3314182135190946e+00,
          -1.1928190566638126e+01, -1.0138000486639115e+01,
          -7.8767051907040377e+00, -5.9228845603325428e+00,
          -7.8727068121415558e+00, -9.9577733423882950e+00,
          4.6074865335308344e+00, 6.3950147925849796e+00,
          8.6248947161701555e+00, 1.0514215768879495e+01,
          8.6454441809503084e+00, 6.5834541097028856e+00,
          -5.9232372868121521e+00, -4.2038431323745540e+00,
          -2.0850652335924567e+00, 4.7624131158067029e-01,
          2.9995159403266327e+00, 5.2502984167735036e+00,
          7.1092511267995917e+00, 5.4412999673711262e+00,
          3.3072935508466905e+00, 8.5776892852877695e-01,
          -1.6595587971105634e+00, -3.9631625813898586e+00,
          -1.8479523742716824e+00, 6.1632980781224012e-01,
          3.0796146649566278e+00, 3.1037133744534016e+00,
          7.0108952056897178e-01, -1.7433424790473833e+00,
          -5.4712489755884173e+00, -3.3271256056363963e-01,
          4.7632024359033736e+00, 9.6753430566655823e+00,
          1.4117250430461191e+01, 1.7789225031506128e+01,
          2.0609735586812178e+01, 2.2523331520332665e+01,
          2.2754818125267100e+01, 2.1736919117710308e+01,
          1.9061513130093665e+01, 1.5566165874265550e+01,
          1.1424571792669447e+01, 6.8391038955504273e+00,
          2.0010544904549379e+00, -2.9492109107682758e+00,
          -7.8858385429322464e+00, -1.4857277545013559e+01,
          -1.7440624168714134e+01, -1.8916785877452703e+01,
          -1.9219516165543890e+01, -1.8659271122653813e+01,
          -1.8957569489032981e+01, -1.9899869408294418e+01,
          -2.0045584927644409e+01, -1.9135423970640264e+01,
          -1.7079831002691584e+01, -1.1942952283159020e+01,
          -8.7544818844414571e+00, -5.5849184812264632e+00,
          -2.4215876198768780e+00, 1.3414945023526683e+00,
          1.6169709193115251e+00, 1.6302756984322380e+00,
          1.4332665812496366e+00, 9.7848821785589224e-01,
          -9.7472889253524109e+00, -1.1035861337021533e+01,
          -1.1199922747613293e+01, -1.0201296610739774e+01,
          -9.4769162849231634e+00, -9.2531630220758778e+00,
          -1.0789796169436382e+01, -1.1963340237025308e+01,
          -1.2094343557143892e+01, -1.1014874429770881e+01,
          -1.0296363745170531e+01, -1.0280999299785831e+01,
          9.7393083882102083e+00, 7.7866448681158191e+00,
          6.1710073485324877e+00, 6.1425634351903140e+00,
          5.8799623687030769e+00, 7.2429298516230647e+00,
          9.0290608012863043e+00, 1.0550463593405961e+01,
          1.1541743014240177e+01, 1.1897359178837963e+01,
          1.1815043759982203e+01, 1.1056958683359221e+01,
          8.5183878179761159e+00, 8.1614477523651647e+00,
          8.2520954423573905e+00, 8.9307166025884150e+00,
          9.1360344163301850e+00, 9.1945437552260536e+00,
          2.1333376561435074e+01, 2.0803485120465254e+01,
          2.0434887040167791e+01, 1.8411982530486654e+01,
          1.3439340195112708e+01, 7.9455802564638427e+00,
          3.3259396934316432e+00, -7.8645365159306713e-01,
          -4.5532487060506375e+00, -6.8165889978153271e-01,
          3.4482588635388414e+00, 8.1060955729558195e+00,
          1.3615779166672107e+01, 1.8440335413424794e+01,
          2.0481076709727599e+01, 2.0762059444940490e+01,
          2.1287264694669059e+01, 3.1746290172974434e-01,
          -1.5587606825606080e+00, -2.8961666861973114e+00,
          -4.1060665983975602e+00, -5.2456518558085365e+00,
          -5.2522950941071844e+00, -4.0296717873882972e+00,
          -2.7606527677461696e+00, -1.3717000610016381e+00,
          4.8168210991338195e-01, -4.8363198952895177e+00,
          -7.7128498773915481e+00, -1.0644633299967897e+01,
          -1.3399897627962764e+01, -6.5684144087595708e+00,
          -7.2672593039755782e+00, -7.9938376097824557e+00,
          -7.1762184117921084e+00, -6.4024423853822103e+00,
          -8.9360087328202820e-01, -1.1467291557732660e+00,
          -1.2485378611982711e+00, -8.9686110060968760e-01,
          -1.0986990636380853e+00, -1.0678327778482040e+00,
          -8.9640395355169278e-01, -1.1297775818656250e+00,
          -1.0068634219624786e+00, -7.5199786106229416e-01,
          -9.7508809358977044e-01, -1.0554830193159077e+00,
          -2.7505984915442596e+00, -5.0959496757584448e+00,
          -6.6690151843130829e+00, -8.2813200883253302e+00,
          -6.5301283676806614e+00, -4.9463466998611114e+00,
          -2.6713944476579630e+00, -3.9201320086311182e+00,
          -5.1643122659275589e+00, -6.6379783515743735e+00,
          -5.2735868535998218e+00, -4.0375050458108790e+00,
          -5.1976872399411240e+00, -7.3883489973809811e+00,
          -5.0207842422327431e+00, -4.4848002509452458e+00,
          -6.5167947230805225e+00, -4.6357403723926423e+00 ]
   - !!opencv-matrix
      rows: 198
      cols: 1
      dt: d
      data: [ -2.0314199069251476e+01, -1.9582946519091877e+01,
          -1.8498744557906619e+01, -1.7076947557866610e+01,
          -1.5024956187242426e+01, -1.1890371431383137e+01,
          -7.8770523607662577e+00, -3.2854958770964329e+00,
          1.7942500055527713e+00, 6.7170045729898806e+00,
          1.0833473699491119e+01, 1.4192455385141017e+01,
          1.6580217986324680e+01, 1.7941976930485104e+01,
          1.8652600275372297e+01, 1.8978866466172427e+01,
          1.8920173824427732e+01, -1.6977192353205155e+01,
          -1.4847613824584622e+01, -1.1894223405433102e+01,
          -8.6551064332576306e+00, -5.4654999619892060e+00,
          2.8457246823241018e+00, 5.7527937445266408e+00,
          8.8328647488983609e+00, 1.1811025700568393e+01,
          1.4212176645380788e+01, -6.3073661605731379e-01,
          -4.2746829195775821e-01, -2.2638284983571000e-01,
          -2.3319891100224213e-02, -2.9112784007568511e+00,
          -1.3474675653190635e+00, 2.7516116404595842e-01,
          1.8525225376898171e+00, 3.3219239951529045e+00,
          -1.2077470204051263e+01, -1.0271857015281098e+01,
          -7.9954637411239977e+00, -6.0515551757239416e+00,
          -8.0165412946128072e+00, -1.0111914624108056e+01,
          4.7032616366392110e+00, 6.4763495139528136e+00,
          8.7230345688523467e+00, 1.0635865206981412e+01,
          8.7675415411663700e+00, 6.6924891279989511e+00,
          -5.8787872901968843e+00, -4.1566795049766530e+00,
          -2.0470483255758034e+00, 4.7503846861628463e-01,
          2.9604739748212836e+00, 5.2117192312868550e+00,
          7.0985203045500072e+00, 5.4591103626434609e+00,
          3.3339373988986476e+00, 8.9090867210193059e-01,
          -1.6293417333550924e+00, -3.9334796731192081e+00,
          -1.8279332801449852e+00, 6.2271746849305909e-01,
          3.0837841653007074e+00, 3.1137380410062896e+00,
          7.1480324240983728e-01, -1.7185959100464427e+00,
